16.50 2 0
16.50 1 0
29.50 1 0
29.50 2 0
42.50 2 0
42.50 1 0
55.50 2 0
55.50 1 0
68.50 2 1
68.50 1 1
82.50 2 1
82.50 1 1
95.50 2 1
95.50 1 1
109.00 2 1
109.00 1 1
122.50 0 0
125.50 2 1
127.50 3 1
130.50 2 1
132.50 3 1
135.50 0 0
138.50 2 1
140.50 3 1
143.50 2 1
145.50 3 1
148.50 0 0
152.00 2 1
154.00 3 1
157.00 2 1
159.00 3 1
162.00 0 0
165.00 2 1
167.00 3 1
170.00 2 1
172.00 3 1
175.50 1 0
178.50 2 1
180.50 3 1
183.50 2 1
185.50 3 1
188.50 1 0
191.50 2 1
193.50 3 1
196.50 2 1
198.50 3 1
202.00 1 0
205.00 2 1
207.00 3 1
210.00 2 1
212.00 3 1
215.00 1 0
218.00 2 1
220.00 3 1
223.00 2 1
225.00 3 1
228.50 2 0
231.50 2 1
233.50 3 1
236.50 2 1
238.50 3 1
242.00 2 0
245.00 2 1
247.00 3 1
250.00 2 1
252.00 3 1
255.00 2 0
258.00 2 1
260.00 3 1
263.00 2 1
265.00 3 1
268.50 2 0
271.50 2 1
273.50 3 1
276.50 2 1
278.50 3 1
282.00 3 0
285.00 2 1
287.00 3 1
290.00 2 1
292.00 3 1
295.50 3 0
298.50 2 1
300.50 3 1
303.50 2 1
305.50 3 1
309.00 3 0
312.00 2 1
314.00 3 1
317.00 2 1
319.00 3 1
322.00 3 0
325.00 2 1
327.00 3 1
330.00 2 1
332.00 3 1
335.50 3 1
338.50 1 0
340.50 0 0
343.50 1 0
345.50 0 0
348.50 3 1
351.50 1 0
353.50 0 0
356.50 1 0
358.50 0 0
361.50 3 1
364.50 1 0
366.50 0 0
369.50 1 0
371.50 0 0
374.50 3 1
377.50 1 0
379.50 0 0
382.50 1 0
385.00 0 0
388.50 2 1
391.50 1 0
393.50 0 0
396.50 1 0
398.50 0 0
402.00 2 1
405.00 1 0
407.00 0 0
410.00 1 0
412.00 0 0
415.00 2 1
418.00 1 0
420.00 0 0
423.00 1 0
425.00 0 0
428.50 2 1
431.50 1 0
433.50 0 0
436.50 1 0
438.50 0 0
442.00 1 1
445.00 1 0
447.00 0 0
450.00 1 0
452.00 0 0
455.50 1 1
458.50 1 0
460.50 0 0
463.50 1 0
465.50 0 0
468.50 1 1
471.50 1 0
473.50 0 0
476.50 1 0
478.50 0 0
482.00 1 1
485.00 1 0
487.00 0 0
490.00 1 0
492.00 0 0
495.50 0 1
499.00 1 0
501.00 0 0
504.00 1 0
506.00 0 0
509.00 0 1
512.00 1 0
514.00 0 0
517.00 1 0
519.00 0 0
522.50 0 1
525.50 1 0
527.50 0 0
530.50 1 0
532.50 0 0
535.50 0 1
539.00 1 0
541.00 0 0
544.00 1 0
546.00 0 0
549.00 0 0
552.00 0 0
554.00 3 0
557.00 3 0
559.00 0 0
562.00 3 1
565.00 3 1
567.00 0 1
570.00 0 1
572.00 3 1
575.50 0 0
578.50 0 0
580.50 3 0
583.50 3 0
585.50 0 0
588.50 3 1
591.50 3 1
593.50 0 1
596.50 0 1
598.50 3 1
601.50 0 1
604.50 0 1
606.50 3 1
609.50 3 1
611.50 0 1
615.00 3 0
618.00 3 0
620.00 0 0
623.00 0 0
625.00 3 0
628.50 3 1
631.50 3 1
633.50 0 1
636.50 0 1
638.50 3 1
642.00 0 0
645.00 0 0
647.00 3 0
650.00 3 0
652.00 0 0
655.50 3 0
658.50 3 0
660.00 0 0
663.00 0 0
665.00 3 0
668.50 0 1
672.00 0 1
673.52 3 1
676.50 3 1
678.50 0 1
682.50 3 0
685.50 3 0
686.50 0 0
689.50 0 0
691.50 3 0
695.00 0 1
698.00 0 1
700.00 3 1
703.00 3 1
705.00 0 1
708.50 0 0
712.00 3 0
715.00 1 1
718.50 2 1
722.00 0 0
725.00 3 0
728.50 1 1
732.00 2 1
735.25 0 0
738.50 3 0
742.00 1 1
745.25 2 1
748.75 0 0
750.00 0 0
752.25 3 0
753.50 3 0
756.00 1 1
757.25 1 1
759.00 2 1
0.00