16.00 2 0
16.00 1 0
29.00 2 0
29.00 1 0
42.00 2 0
42.00 1 0
55.00 2 0
55.00 1 0
68.00 2 1
68.00 1 1
81.00 2 1
81.00 1 1
95.00 2 1
95.00 1 1
108.00 2 1
108.00 1 1
122.00 0 0
125.00 2 0
127.00 3 0
130.00 2 0
132.00 3 0
135.00 0 0
138.00 2 0
140.00 3 0
143.00 2 0
145.00 3 0
148.00 0 0
151.00 2 0
153.00 3 0
156.00 2 0
158.00 3 0
162.00 0 0
165.00 2 0
167.00 3 0
170.00 2 0
172.00 3 0
175.00 1 0
178.00 2 0
180.00 3 0
183.00 2 0
185.00 3 0
188.00 1 0
191.00 2 0
193.00 3 0
197.00 2 0
199.00 3 0
202.00 1 0
205.00 2 0
207.00 3 0
210.00 2 0
212.00 3 0
215.00 1 0
218.00 2 0
220.00 3 0
223.00 2 0
225.00 3 0
228.00 2 0
231.00 2 0
233.00 3 0
236.00 2 0
238.00 3 0
241.00 2 0
244.00 2 0
246.00 3 0
249.00 2 0
251.00 3 0
255.00 2 0
258.00 2 0
260.00 3 0
263.00 2 0
265.00 3 0
268.00 2 0
271.00 2 0
273.00 3 0
276.00 2 0
278.00 3 0
281.00 3 0
284.00 2 0
286.00 3 0
289.00 2 0
291.00 3 0
295.00 3 0
298.00 2 0
300.00 3 0
303.00 2 0
305.00 3 0
308.00 3 0
312.00 2 0
314.00 3 0
317.00 2 0
319.00 3 0
322.00 3 0
325.00 2 0
327.00 3 0
330.00 2 0
332.00 3 0
335.00 3 0
339.00 1 0
341.00 0 0
343.00 1 0
345.00 0 0
349.00 3 0
352.00 1 0
354.00 0 0
357.00 1 0
359.00 0 0
362.00 3 0
365.00 1 0
367.00 0 0
370.00 1 0
372.00 0 0
375.00 3 0
378.00 1 0
380.00 0 0
383.00 1 0
385.00 0 0
388.00 2 0
392.00 1 0
394.00 0 0
397.00 1 0
399.00 1 0
402.00 2 0
405.00 1 0
407.00 0 0
410.00 1 0
412.00 0 0
415.00 2 0
418.00 1 0
420.00 0 0
423.00 1 0
425.00 0 0
428.00 2 0
431.00 1 0
433.00 0 0
436.00 1 0
438.00 0 0
442.00 1 0
445.00 1 0
447.00 0 0
450.00 1 0
452.00 0 0
455.00 1 0
458.00 1 0
460.00 0 0
463.00 1 0
465.00 0 0
468.00 1 0
471.00 1 0
473.00 0 0
476.00 1 0
478.00 0 0
482.00 1 0
485.00 1 0
487.00 0 0
500.00 1 0
502.00 0 0
500.54 1 0
503.91 1 0
505.02 0 0
508.95 0 0
512.12 1 0
513.72 0 0
516.89 1 0
518.83 0 0
522.06 0 0
525.21 1 0
526.82 0 0
530.11 1 0
531.67 0 0
535.41 0 0
538.57 1 0
540.21 0 0
543.76 1 0
545.61 0 0
0.00