13.00 0 0
26.00 1 0
40.00 2 0
53.00 3 0
66.00 0 1
78.50 1 1
91.50 2 1
104.50 3 1
118.00 3 1
131.50 2 1
145.00 1 1
158.00 0 1
171.50 3 0
185.00 2 0
198.50 1 0
211.50 0 0
225.50 0 0
239.00 1 0
245.50 2 0
245.50 1 0
249.00 3 0
250.50 2 0
252.00 1 0
265.00 2 0
265.00 1 0
270.00 2 0
270.00 1 0
275.00 3 0
275.00 0 0
278.50 3 0
280.25 2 0
282.00 1 0
283.75 0 0
285.50 1 0
303.00 1 0
304.50 2 0
314.75 3 0
316.50 2 0
318.25 1 0
320.00 0 0
321.75 1 0
323.50 2 0
325.25 3 0
327.00 0 1
328.75 1 1
330.50 2 1
332.25 3 1
358.50 2 1
358.50 1 1
365.50 2 1
365.50 1 1
372.20 2 1
372.20 1 1
379.00 2 1
379.00 1 1
385.15 3 0
385.15 0 0
392.00 3 0
392.00 0 0
399.00 3 0
399.00 0 0
405.80 0 0
405.80 3 0
411.90 2 1
411.90 1 1
418.90 2 1
418.90 1 1
425.60 2 1
425.60 1 1
432.10 2 1
432.10 1 1
438.30 0 0
440.24 3 0
443.82 3 0
447.22 3 0
450.68 3 0
452.28 1 0
454.14 3 0
457.82 3 0
460.94 3 0
464.14 3 0
465.99 2 0
467.67 3 0
470.99 3 0
474.27 3 0
477.08 3 0
478.80 1 0
478.80 2 0
484.30 1 0
484.30 2 0
489.25 1 0
489.25 2 0
492.62 3 1
494.03 0 1
497.54 0 1
500.79 0 1
503.56 0 1
505.34 2 1
507.15 0 1
510.66 0 1
514.04 0 1
516.96 0 1
518.82 1 1
520.48 0 1
523.85 0 1
527.32 0 1
530.27 0 1
532.20 0 1
532.20 3 1
537.60 0 1
537.60 3 1
542.35 0 1
542.35 3 1
545.83 3 0
547.40 0 0
550.68 0 0
554.03 0 0
556.98 0 0
558.74 2 0
560.40 0 0
563.98 0 0
567.33 0 0
570.35 0 0
572.23 1 0
573.88 0 0
577.04 0 0
580.38 0 0
583.39 0 0
585.30 0 0
585.30 3 0
590.85 0 0
590.85 3 0
595.75 0 0
595.75 3 0
599.19 0 1
600.79 3 1
604.27 3 1
607.84 3 1
610.80 3 1
612.43 1 1
613.93 3 1
617.45 3 1
621.05 3 1
624.03 3 1
625.77 2 1
627.34 3 1
630.90 3 1
634.10 3 1
637.10 3 1
639.20 3 1
640.60 2 1
642.10 1 1
643.70 0 1
645.50 3 0
646.65 2 0
648.35 1 0
649.90 0 0
651.80 2 0
651.80 1 0
655.00 0 0
655.00 3 0
658.35 1 0
658.35 2 0
664.50 0 1
665.50 3 1
678.60 2 0
678.60 1 0
682.10 0 0
682.10 3 0
685.60 2 0
685.60 1 0
691.40 3 1
692.40 0 1
705.95 2 0
705.95 1 0
709.10 2 0
709.10 1 0
712.45 0 0
712.45 3 0
718.38 1 1
719.38 2 1
732.00 2 0
732.00 1 0
735.35 2 0
735.35 1 0
739.05 3 0
739.05 0 0
744.60 2 1
745.60 1 1
758.27 0 0
758.27 3 0
761.90 1 0
761.90 2 0
765.35 1 0
765.35 2 0
771.38 1 1
772.38 2 1
785.30 0 0
785.30 3 0
788.85 2 0
788.85 1 0
792.15 1 0
792.15 2 0
798.00 2 1
799.00 1 1
811.65 0 0
811.65 3 0
815.25 2 0
815.25 1 0
818.90 0 0
818.90 3 0
824.65 1 1
825.65 2 1
838.70 3 0
838.70 0 0
842.20 2 0
842.20 1 0
845.65 0 0
845.65 3 0
851.30 2 1
852.30 1 1
865.60 0 0
869.00 1 0
872.25 2 0
878.00 2 1
879.00 1 1
891.98 3 0
895.18 2 0
899.01 1 0
904.85 1 1
905.85 2 1
918.85 2 0
922.00 1 0
925.52 0 0
931.60 0 1
932.60 1 1
945.60 1 0
948.90 2 0
952.40 3 0
958.00 3 1
959.00 2 1
971.84 0 0
985.87 1 0
992.27 2 0
998.86 3 0
1011.86 0 1
1015.40 1 1
1018.72 2 1
1022.53 3 1
1026.19 2 1
1032.75 1 1
1039.19 0 1
1045.35 3 1
1052.60 1 1
1052.60 2 1
1065.92 3 0
1069.27 2 0
1072.58 1 0
1076.05 0 0
1079.55 1 0
1079.55 2 0
1092.95 0 0
1092.95 3 0
1099.30 3 0
1099.30 0 0
1105.71 0 0
1105.71 3 0
1109.60 1 0
1109.60 2 0
1110.90 2 0
1110.90 1 0
1112.55 2 0
1112.55 1 0
1119.04 0 0
1122.77 1 0
1125.84 2 0
1129.29 3 0
1132.98 0 1
1138.81 1 1
1145.81 2 1
1152.46 3 1
1158.47 3 0
1160.12 2 0
1161.67 1 0
0.00