19.12 0
23.59 1
29.91 2
36.77 3
44.57 0
47.47 1
50.54 2
54.24 3
57.37 2
60.69 1
63.71 0
70.68 3
74.01 2
77.47 1
80.79 0
84.12 1
87.31 2
91.02 3
98.33 3
101.62 2
104.74 1
108.06 0
111.28 1
114.46 2
118.28 3
125.32 1
125.39 2
131.90 0
131.91 3
138.76 1
138.82 2
145.19 3
145.36 0
152.09 0
155.58 1
158.62 2
162.60 3
166.03 2
169.58 1
172.94 0
179.71 3
183.27 2
186.42 1
190.12 0
193.81 1
197.11 2
200.60 3
207.17 0
210.59 1
213.83 2
217.27 3
220.51 2
224.11 1
227.39 0
234.29 1
234.37 2
241.02 1
241.03 2
247.66 3
247.78 0
254.32 0
254.37 3
261.82 3
261.99 0
265.42 2
265.70 1
268.64 2
268.75 1
275.73 1
275.84 2
278.87 2
278.93 1
282.14 0
282.42 3
289.00 3
289.05 0
292.20 0
292.25 3
295.58 1
295.63 2
302.49 2
302.53 1
305.88 2
305.90 1
309.01 0
309.17 3
316.18 3
316.51 0
319.43 3
319.50 0
322.80 1
322.91 2
329.44 2
329.61 1
333.11 2
333.28 1
337.06 0
337.11 3
343.80 0
345.91 1
347.44 2
350.98 3
352.72 2
354.41 1
357.64 0
359.67 1
361.53 2
364.34 3
366.23 2
367.55 1
371.06 1
371.23 2
374.18 2
374.23 1
377.50 3
377.84 0
384.26 0
384.42 3
387.51 0
387.52 3
390.94 1
391.04 2
397.80 0
401.29 1
404.44 2
408.06 3
411.20 2
414.87 1
418.15 0
425.51 2
425.62 1
428.71 2
428.77 1
432.27 3
432.32 0
438.83 3
438.93 0
442.27 3
442.38 0
445.99 1
445.99 2
452.79 3
456.24 2
459.37 1
462.91 0
466.04 1
469.19 2
473.04 3
479.99 0
483.46 1
486.82 2
490.59 3
494.40 2
497.63 1
501.08 0
507.73 3
511.05 2
514.24 1
517.66 0
521.05 1
524.21 2
527.62 3
534.09 0
536.10 1
538.15 2
541.47 3
548.25 2
549.73 1
551.93 0
556.43 1
562.02 2
563.46 3
565.36 2
568.79 1
575.29 0
576.73 1
577.94 2
582.06 3
588.88 1
588.93 2
592.07 2
592.18 1
595.56 3
595.83 0
602.54 2
602.62 1
605.41 1
605.41 2
609.27 3
609.39 0
616.26 1
616.32 2
619.37 2
619.42 1
623.23 0
623.25 3
630.04 2
630.15 1
633.15 1
633.15 2
637.11 3
637.39 0
643.66 3
643.89 0
647.03 3
647.24 0
650.68 1
650.73 2
657.36 3
657.47 0
660.66 3
660.88 0
664.19 2
664.24 1
672.47 3
672.64 0
678.05 0
678.06 3
684.29 0
684.34 3
690.77 0
690.94 3
697.71 0
701.26 1
704.53 2
708.19 3
712.77 2
715.52 1
718.77 0
725.60 3
728.79 2
731.83 1
735.30 0
738.61 1
741.86 2
745.25 3
752.37 0
755.75 1
759.19 2
762.56 3
765.84 2
769.22 1
772.70 0
779.60 3
782.93 2
786.44 1
790.02 0
793.16 1
796.51 2
799.96 3
806.58 0
809.99 1
813.37 2
816.67 3
819.98 2
823.76 1
827.13 0
834.15 3
837.34 2
840.51 1
844.19 0
847.80 1
850.88 2
854.49 3
861.73 0
865.34 1
868.33 2
871.86 3
875.16 2
878.61 1
882.09 0
888.65 1
888.71 2
895.46 1
895.51 2
902.52 3
902.63 0
909.67 0
909.73 3
916.39 1
916.40 2
