15.50 2 0
15.50 1 0
23.00 1 0
23.00 2 0
29.50 2 0
29.50 1 0
36.50 2 0
36.50 1 0
43.60 0 0
46.92 1 0
50.17 2 0
53.59 3 0
56.94 2 0
60.41 1 0
63.78 0 0
70.31 3 1
74.03 2 1
77.42 1 1
81.03 0 1
84.35 1 1
87.78 2 1
91.12 3 1
97.63 0 0
101.22 1 0
104.55 2 0
107.95 3 0
111.30 2 0
114.56 1 0
118.35 0 0
125.00 2 1
125.00 1 1
131.76 0 1
131.76 3 1
138.45 3 1
138.45 0 1
145.04 1 1
145.04 2 1
152.38 0 1
155.77 1 1
159.01 2 1
162.57 3 1
165.94 2 1
169.31 1 1
172.73 0 1
179.45 3 0
183.06 2 0
186.33 1 0
189.97 0 0
193.34 1 0
196.60 2 0
200.07 3 0
206.99 0 1
210.44 1 1
213.72 2 1
217.02 3 1
220.39 2 1
223.88 1 1
227.45 0 1
233.74 1 0
233.74 2 0
240.60 0 0
240.60 3 0
247.55 3 0
247.55 0 0
254.12 1 0
254.12 2 0
261.34 3 0
264.70 0 0
268.35 2 0
271.66 1 0
275.15 3 0
278.36 0 0
282.03 2 0
285.21 1 0
288.98 0 1
292.25 3 1
295.51 1 1
299.01 2 1
302.36 0 1
305.60 3 1
309.27 1 1
312.42 2 1
316.07 3 0
319.52 0 0
323.12 2 0
326.10 1 0
329.89 3 0
333.18 0 0
336.70 2 0
339.86 1 0
343.28 0 1
346.89 3 1
350.21 1 1
353.48 2 1
356.71 0 1
359.79 3 1
363.83 1 1
366.85 2 1
370.19 3 0
373.87 0 0
377.53 2 0
380.75 1 0
384.27 3 0
387.39 0 0
391.13 2 0
394.32 1 0
397.64 0 1
401.63 3 1
404.88 1 1
408.24 2 1
411.55 0 1
414.87 3 1
418.36 1 1
421.63 2 1
425.03 3 0
428.32 0 0
432.12 2 0
435.25 1 0
438.82 3 0
442.59 0 0
445.88 2 0
449.11 1 0
452.33 0 1
456.19 3 1
459.48 1 1
462.74 2 1
466.25 0 1
469.61 3 1
473.09 1 1
476.40 2 1
479.90 3 1
479.90 0 1
486.85 1 1
486.85 2 1
493.55 2 1
493.55 1 1
500.60 3 1
500.60 0 1
507.00 3 0
507.00 0 0
513.89 1 0
513.89 2 0
520.45 2 0
520.45 1 0
527.70 3 0
527.70 0 0
534.30 0 1
534.30 3 1
541.20 2 1
541.20 1 1
548.10 2 1
548.10 1 1
555.00 3 1
555.00 0 1
561.40 3 0
561.40 0 0
567.85 2 0
567.85 1 0
578.45 2 0
578.45 1 0
581.50 3 0
581.50 0 0
588.60 2 0
588.60 1 0
595.45 3 0
595.45 0 0
602.30 3 0
602.30 0 0
609.10 2 0
609.10 1 0
615.70 2 1
615.70 1 1
622.80 3 1
622.80 0 1
629.65 3 1
629.75 0 1
636.65 1 1
636.65 2 1
643.10 2 0
643.10 1 0
650.09 0 0
650.09 3 0
656.70 3 0
656.70 0 0
663.55 2 0
663.55 1 0
669.77 1 1
669.77 2 1
676.50 3 1
676.50 0 1
687.05 3 1
687.05 0 1
690.25 2 1
690.25 1 1
697.75 3 1
701.40 0 1
704.75 2 1
708.05 1 1
711.69 3 1
714.94 0 1
718.85 2 1
721.82 1 1
725.30 0 0
728.87 3 0
732.31 1 0
735.60 2 0
739.16 0 0
742.45 3 0
746.03 1 0
749.19 2 0
752.32 3 1
756.02 0 1
759.38 2 1
762.69 1 1
766.19 3 1
769.29 0 1
772.90 2 1
776.34 1 1
779.66 0 0
783.08 3 0
786.67 1 0
789.91 2 0
793.48 0 0
796.51 3 0
800.21 1 0
803.58 2 0
806.84 3 1
810.47 0 1
813.84 2 1
817.09 1 1
820.63 3 1
823.80 0 1
827.29 2 1
830.75 1 1
833.94 0 0
837.37 3 0
841.06 1 0
844.37 2 0
848.12 0 0
851.49 3 0
855.06 1 0
858.29 2 0
861.51 3 1
865.27 0 1
868.38 2 1
872.05 1 1
875.31 3 1
878.43 0 1
881.87 2 1
885.39 1 1
888.60 0 0
891.98 3 0
895.65 1 0
898.91 2 0
903.32 0 0
906.54 1 0
908.44 2 0
910.26 3 0
912.02 2 0
913.63 1 0
915.47 0 0
0.00